[[84, 1600, 800, 400, 200, 100, 50, 25, 2], 0.0001, 1, 0.88210446, 0.87488151, 1, 1]
[[84, 1600, 800, 400, 200, 100, 50, 25, 2], 0.0011999999999999999, 1, 0.87775499, 0.88127965, 1, 1]
[[84, 400, 300, 200, 100, 50, 25, 2], 0.0001, 1, 0.88082892, 0.88151658, 1, 1]
[[84, 400, 300, 200, 100, 50, 25, 2], 0.00068000000000000005, 1, 0.88105893, 0.88151658, 1, 1]
[[84, 400, 300, 200, 100, 50, 25, 2], 0.0011999999999999999, 1, 0.88371462, 0.88151658, 1, 1]
[[84, 1600, 800, 400, 200, 100, 50, 25, 2], 0.00014999999999999999, 1, 0.8841328, 0.88222748, 1, 1]
[[84, 1600, 800, 400, 200, 100, 50, 25, 2], 0.00048999999999999998, 1, 0.88250178, 0.88234597, 1, 1]
[[84, 400, 300, 200, 100, 50, 25, 2], 0.00014999999999999999, 1, 0.88185352, 0.88258296, 1, 1]
[[84, 1600, 800, 400, 200, 100, 50, 25, 2], 0.00040000000000000002, 1, 0.88260633, 0.88293839, 1, 1]
[[84, 400, 300, 200, 100, 50, 25, 2], 0.00048999999999999998, 1, 0.88191628, 0.88317537, 1, 1]
[[84, 1600, 800, 400, 200, 100, 50, 25, 2], 0.0027599999999999999, 1, 0.88061982, 0.8835308, 1, 1]
[[84, 1600, 800, 400, 200, 100, 50, 25, 2], 0.00068000000000000005, 1, 0.8799088, 0.88447869, 1, 1]
[[84, 400, 300, 200, 100, 50, 25, 2], 0.0027599999999999999, 1, 0.88038975, 0.88459718, 1, 1]
[[84, 400, 300, 200, 100, 50, 25, 2], 0.00020000000000000001, 1, 0.88371462, 0.88471562, 1, 1]
[[84, 400, 300, 200, 100, 50, 25, 2], 0.00040000000000000002, 1, 0.88277364, 0.88530803, 1, 1]
[[84, 400, 300, 200, 100, 50, 25, 2], 0.00062, 1, 0.88187444, 0.88554502, 1, 1]
[[84, 1600, 800, 400, 200, 100, 50, 25, 2], 0.00062, 1, 0.88281542, 0.88613743, 1, 1]
[[84, 400, 300, 200, 100, 50, 25, 2], 0.00024000000000000001, 1, 0.88296181, 0.88625592, 1, 1]
[[84, 1600, 800, 400, 200, 100, 50, 25, 2], 0.00020000000000000001, 1, 0.88256449, 0.88744074, 1, 1]
[[84, 1600, 800, 400, 200, 100, 50, 25, 2], 0.00024000000000000001, 1, 0.88476014, 0.88779622, 1, 1]