[[84, 25, 12, 2], 0.021473952157175989, 0.85, 0.87800592, 0.88364929]
[[84, 100, 50, 25, 2], 0.17987017387999535, 0.85, 0.87800592, 0.88364929]
[[84, 25, 12, 2], 0.99894712366592076, 0.85, 0.87800592, 0.88364929]
[[84, 25, 12, 2], 0.061754656372527347, 0.85, 0.87800592, 0.88364929]
[[84, 25, 12, 2], 0.25880724917679454, 0.85, 0.87800592, 0.88364929]
[[84, 25, 12, 2], 0.42721414228233884, 0.85, 0.87800592, 0.88364929]
[[84, 25, 12, 2], 0.17987017387999535, 0.85, 0.87800592, 0.88364929]
[[84, 25, 12, 2], 0.041472201678756003, 0.85, 0.87800592, 0.88364929]
[[84, 25, 12, 2], 0.025877963923366044, 0.85, 0.87800592, 0.88364929]
[[84, 100, 50, 25, 2], 0.42721414228233884, 0.85, 0.87800592, 0.88364929]
[[84, 100, 50, 25, 2], 0.25880724917679454, 0.85, 0.87800592, 0.88364929]
[[84, 100, 50, 25, 2], 0.061754656372527347, 0.85, 0.87819415, 0.88364929]
[[84, 100, 50, 25, 2], 0.99894712366592076, 0.85, 0.87800592, 0.88364929]
[[84, 25, 12, 2], 0.0069941197526672593, 0.85, 0.88197899, 0.88412321]
[[84, 100, 50, 25, 2], 0.041472201678756003, 0.85, 0.88055706, 0.88436019]
[[84, 25, 12, 2], 0.001314322752836385, 0.85, 0.88593113, 0.88720381]
[[84, 100, 50, 25, 2], 0.0069941197526672593, 0.85, 0.88718581, 0.88827014]
[[84, 100, 50, 25, 2], 0.021473952157175989, 0.85, 0.88513654, 0.88886255]
[[84, 100, 50, 25, 2], 0.025877963923366044, 0.85, 0.88676763, 0.88981044]
[[84, 100, 50, 25, 2], 0.001314322752836385, 0.85, 0.88900506, 0.89004737]